image: map.png
version: 1690968671029431387
resolution: 0.01
origin: [-43.71661376953125, -32.67499542236328, 0.000000]
width: 14912
height: 9242